0.209200 -0.273415 -0.043822
-0.165306 -0.052022 -0.049176
0.193769 -0.205326 -0.021242
0.212687 -0.269215 -0.028818
-0.133449 0.060610 -0.012626
0.129871 0.136371 0.291400
0.250601 -0.084933 -0.381768
-0.175001 -0.080918 -0.030139
0.065076 0.109242 0.200511
0.120664 -0.354306 -0.012490
-0.216348 -0.325616 -0.195147
0.178730 -0.119596 -0.021692
-0.062104 0.122502 0.223828
0.243276 -0.347011 -0.365500
0.265085 -0.126834 0.004036
-0.234394 0.064032 0.218836
0.152546 0.001118 -0.058482
-0.249090 -0.063715 -0.381923
-0.158866 0.064652 0.036379
0.101037 -0.007741 -0.056084
-0.186610 -0.325384 -0.014285
0.068190 0.101183 -0.031890
0.274994 0.015876 0.119703
-0.111807 0.074702 0.000983
-0.205528 0.132221 -0.371370
0.242001 -0.351447 -0.302078
-0.214395 0.071585 0.195705
-0.163619 -0.284590 -0.002146
0.163125 -0.306112 -0.012027
0.193614 -0.012155 -0.055396
0.225572 0.049680 0.126828
0.225188 0.050399 0.133159
0.252096 0.034431 0.110704
0.252091 0.034433 0.110702
0.220070 0.045587 0.081592
0.225553 0.040267 0.052784
0.228143 0.039523 0.055277
0.225984 0.040143 0.053198
0.211795 0.043546 0.040956
0.210171 0.045547 0.046295
0.206818 0.037503 0.040331
0.206818 0.037503 0.040332
0.183607 0.057429 0.060035
0.191214 0.050139 0.028873
0.191237 0.050133 0.028886
0.189545 0.042560 0.030333
0.189497 0.042574 0.030305
0.166652 0.064163 0.055972
0.165893 0.064787 0.062688
0.174271 0.057021 0.027546
0.174633 0.059239 0.037528
0.175116 0.052173 0.020360
0.175135 0.052173 0.020370
-0.170709 0.057364 0.022564
0.270405 0.025965 0.108796
0.272719 0.024715 0.112681
0.221048 0.041561 0.048447
0.203026 0.046742 0.035691
0.181921 0.049736 0.054150
0.181954 0.049721 0.054137
0.172877 0.048811 0.026450
0.172843 0.048824 0.026446
-0.241983 0.033045 0.069308
-0.238453 0.028426 0.067630
-0.203620 0.042972 0.061054
-0.203619 0.042973 0.061058
-0.191457 0.044307 0.041089
-0.208649 0.045894 0.042114
-0.188814 0.042784 0.029891
-0.192141 0.049193 0.029596
